286476 -84336.9
-474098 -966447
302156 -34470.6
436800 -130915
-189527 -400241
297700 -513290
16763.6 -770664
-83686.6 -316670
-746235 373497
635339 403184
-23900 -252291
-723467 68563.4
551862 -509456
10569.9 -105764
694330 -68551.2
-210132 414702
227584 91530.9
73801.2 260390
-220194 -56827.9
747357 -773323
-192925 139518
-222309 58829.8
180211 76544
-32956.6 -142354
17122.5 185806
-107442 -117264
-14585.7 18905.9
-62172.3 104850
-162211 62961.9
17206.8 -77461.4
-195296 -83424.9
-187369 -37920.5
6300.22 -82334.2
-87070.5 -151011
-146847 -5706.99
41707.8 -172583
-57498.6 -33299.6
79528.6 -66413.2
-20654.3 -48390.6
-121505 -4973.88
-58364.6 -155363
106087 -1397.58
85262 -64188.7
-34384.8 15582
-56564.8 -4953.72
-108383 90878.1
-129868 -60646.5
16020.1 -97737.2
19931.1 -3427.68
-77632 -41154
-45861.6 -61417.4
-56669.2 -45193.6
-510.026 -86232.1
-89203 -149190
-57273.8 -102479
-1188.51 -2132.04
-29921.8 -88166.3
-113298 -3039.63
24740.1 -76521.6
-24100.2 -17814.3
108898 -6350.3
77752.7 -10601.3
32530.5 30833.9
-51682.1 -109418
-70792.8 -25561.1
46599 -37438.4
68186.8 -119606
-23025.1 21299.4
-82616 -7808.66
62011.4 5540.28
43148.6 -4361.64
3695.22 -34205.1
46708.1 -7222.37
-30408 -19114.1
143.476 147180
-42339.5 -43582.3
33219.3 10877.2
-76018.1 -32383.6
11160.9 -91026.3
22863 -23068.1
-49994.1 40516
-6450.71 -28337
36293.8 -26258.9
-10327.4 55322.1
-21180.8 -8574.38
115512 -10884.5
4835.69 -8342.03
-55986.5 36715.5
80361.4 65902.9
24142.4 -8277.23
-35073 -5349.14
55435.2 4683.72
-155446 60718.2
-18841.4 -42341.2
105498 13480.7
-50081.7 4644.36
3458.59 1726.84
9046.66 -50209.9
9517.03 235.042
-98358 0
7983.95 -45715.6
9731.32 92402.2
-59353.5 -10736.6
-34662.2 -22988.6
59154.9 -26537.3
-140434 -97229.6
-1030.34 -44286.7
44063.6 6979.56
32777.6 21811.1
49267.1 -52701
18744 -53570.7
-1964.86 34424
-29488.9 -14008.4
62955.8 -76006.2
-13395.8 -49835.1
-36087.6 37004.1
59410.5 -25933.2
-22564.2 -46198.9
-62966.3 32902.2
50539.6 -3978.29
-71117 26259.1
9645.31 -33773.9
72402.9 2518.08
-29109.9 8847.24
143.476 -147180
9727.76 -17213.7
-5471.49 -11364.4
27207 14699.1
1860.95 -51384.7
-2882.74 -71154.1
-9936.08 -23911.3
9272.02 67925.8
110437 -33527.5
-59730.6 24305.7
70334.8 12102.7
90677.7 128055
54493.2 42580.9
-44323.6 -63490.1
109137 -72989.7
-15288.4 75769.2
-97509.1 8794.84
-27046 42972.5
13646.1 13322.9
-92584.1 -47625.2
33319 93158.1
-451.041 90650.4
46462.2 -6305.84
30848.2 139095
27683.4 9002.88
-77632 41154
9440.31 -100825
30958 112596
-110755 -115997
70998.3 27858.9
-25673.6 132436
73491.9 70977.9
-65519 26849
14241 -28605.3
-93166.5 -5886.83
106940 110859
-23864.4 84381.1
-104714 42738.6
66275 -182260
45985.2 121333
-137889 111303
-5242.2 -66549.4
67485.8 130657
-182776 51580.9
134057 -30128.2
36958.5 139099
-4207.23 -93248.3
-9651.18 124354
-72939.1 245196
-42905.5 119814
17122.5 -185806
187008 -53192.9
-408729 -47110.7
-175124 -192139
52366.6 108346
885457 44352.8
141178 -244124
390979 121453
273443 -207423
664472 223663
-158323 994053
249889 42215
-737221 -136064
565299 336823
183325 53639.2
-627048 -502600
-666774 171837
205785 203615
219340 555694
357220 237325
247183 414194
236541 105617
284256 192.012
811658 1.94517e+06
326872 26996.5
